%%
%基函数面,体
phi(:,1) = - 36*la1.^3 - 1680*la1.^2.*la2.*la4 + 312*la1.^2.*la2 + 162*la1.^2.*la3 + 162*la1.^2.*la4 + 1680*la1.*la2.^2.*la3 - 258*la1.*la2.^2 + 3360*la1.*la2.*la3.^2 - 1536*la1.*la2.*la3 + 1680*la1.*la2.*la4.^2 + 144*la1.*la2.*la4 - 198*la1.*la3.^2 + 144*la1.*la3.*la4 - 198*la1.*la4.^2 + 24*la2.^3 + 42*la2.^2.*la3 + 42*la2.^2.*la4 - 168*la2.*la3.^2 + 204*la2.*la3.*la4 - 168*la2.*la4.^2 + 24*la3.^3 - 18*la3.^2.*la4 - 18*la3.*la4.^2 + 24*la4.^3;
phi(:,2) = 48*la1.^3 - 516*la1.^2.*la2 - 516*la1.^2.*la3 + 84*la1.^2.*la4 - 10080*la1.*la2.^2.*la3 + 624*la1.*la2.^2 - 10080*la1.*la2.*la3.^2 + 5568*la1.*la2.*la3 - 432*la1.*la2.*la4 + 624*la1.*la3.^2 - 432*la1.*la3.*la4 + (844424930131933*la1.*la4.^2)/35184372088832 - 72*la2.^3 + 324*la2.^2.*la3 + (6755399441056019*la2.^2.*la4)/281474976710656 + 324*la2.*la3.^2 - 672*la2.*la3.*la4 + 84*la2.*la4.^2 - 72*la3.^3 + 24*la3.^2.*la4 + 84*la3.*la4.^2 - 12*la4.^3;
phi(:,3) = 72*la1.^3 + 10080*la1.^2.*la2.*la4 - 624*la1.^2.*la2 - 24*la1.^2.*la3 - 624*la1.^2.*la4 + 516*la1.*la2.^2 + 432*la1.*la2.*la3 - 3648*la1.*la2.*la4 - 84*la1.*la3.^2 + 432*la1.*la3.*la4 + 516*la1.*la4.^2 - 48*la2.^3 - 84*la2.^2.*la3 + 216*la2.^2.*la4 - 24*la2.*la3.^2 + (6755399441056015*la2.*la3.*la4)/35184372088832 + 216*la2.*la4.^2 + 12*la3.^3 - 24*la3.^2.*la4 - 84*la3.*la4.^2 - 48*la4.^3;
phi(:,4) = - 36*la1.^3 + 162*la1.^2.*la2 - 1680*la1.^2.*la3.*la4 + 312*la1.^2.*la3 + 162*la1.^2.*la4 + 3360*la1.*la2.^2.*la3 - 198*la1.*la2.^2 + 1680*la1.*la2.*la3.^2 - 1536*la1.*la2.*la3 + 144*la1.*la2.*la4 - 258*la1.*la3.^2 + 1680*la1.*la3.*la4.^2 + 144*la1.*la3.*la4 - 198*la1.*la4.^2 + 24*la2.^3 - 168*la2.^2.*la3 - 18*la2.^2.*la4 + 42*la2.*la3.^2 + 204*la2.*la3.*la4 - (2533274790395823*la2.*la4.^2)/140737488355328 + 24*la3.^3 + 42*la3.^2.*la4 - 168*la3.*la4.^2 + 24*la4.^3;
phi(:,5) = 72*la1.^3 - (6755399441055543*la1.^2.*la2)/281474976710656 + 10080*la1.^2.*la3.*la4 - 624*la1.^2.*la3 - 624*la1.^2.*la4 - 84*la1.*la2.^2 + 432*la1.*la2.*la3 + 432*la1.*la2.*la4 + 516*la1.*la3.^2 - 3648*la1.*la3.*la4 + 516*la1.*la4.^2 + 12*la2.^3 - 24*la2.^2.*la3 - 24*la2.^2.*la4 - 84*la2.*la3.^2 + (3377699720527973*la2.*la3.*la4)/17592186044416 - 84*la2.*la4.^2 - 48*la3.^3 + 216*la3.^2.*la4 + 216*la3.*la4.^2 - 48*la4.^3;
phi(:,6) = - 48*la1.^3 - 3360*la1.^2.*la2.*la4 + 216*la1.^2.*la2 - 3360*la1.^2.*la3.*la4 + 216*la1.^2.*la3 + 366*la1.^2.*la4 - 144*la1.*la2.^2 - 288*la1.*la2.*la3 - 1680*la1.*la2.*la4.^2 + 1392*la1.*la2.*la4 - 144*la1.*la3.^2 - 1680*la1.*la3.*la4.^2 + 1392*la1.*la3.*la4 - 204*la1.*la4.^2 + 12*la2.^3 + 36*la2.^2.*la3 - 114*la2.^2.*la4 + 36*la2.*la3.^2 - 228*la2.*la3.*la4 + 96*la2.*la4.^2 + 12*la3.^3 - 114*la3.^2.*la4 + 96*la3.*la4.^2 + 12*la4.^3;
phi(:,7) = 12*la1.^3 - 144*la1.^2.*la2 - 114*la1.^2.*la3 + 36*la1.^2.*la4 - 3360*la1.*la2.^2.*la3 + 216*la1.*la2.^2 - 1680*la1.*la2.*la3.^2 + 1392*la1.*la2.*la3 - 288*la1.*la2.*la4 + 96*la1.*la3.^2 - 228*la1.*la3.*la4 + 36*la1.*la4.^2 - 48*la2.^3 - 3360*la2.^2.*la3.*la4 + 366*la2.^2.*la3 + 216*la2.^2.*la4 - 1680*la2.*la3.^2.*la4 - 204*la2.*la3.^2 + 1392*la2.*la3.*la4 - 144*la2.*la4.^2 + 12*la3.^3 + 96*la3.^2.*la4 - 114*la3.*la4.^2 + 12*la4.^3;
phi(:,8) = 12*la1.^3 - 84*la1.^2.*la2 - 24*la1.^2.*la3 - (6755399441055507*la1.^2.*la4)/281474976710656 - 24*la1.*la2.^2 + 432*la1.*la2.*la3 + 432*la1.*la2.*la4 - 84*la1.*la3.^2 + 192*la1.*la3.*la4 - 84*la1.*la4.^2 + 72*la2.^3 + 10080*la2.^2.*la3.*la4 - 624*la2.^2.*la3 - 624*la2.^2.*la4 + 516*la2.*la3.^2 - 3648*la2.*la3.*la4 + 516*la2.*la4.^2 - 48*la3.^3 + 216*la3.^2.*la4 + 216*la3.*la4.^2 - 48*la4.^3;
phi(:,9) = - 48*la1.^3 + 516*la1.^2.*la2 + 216*la1.^2.*la3 - 84*la1.^2.*la4 + 10080*la1.*la2.^2.*la3 - 624*la1.*la2.^2 - 3648*la1.*la2.*la3 + 432*la1.*la2.*la4 + 216*la1.*la3.^2 + 192*la1.*la3.*la4 - (6755399441055571*la1.*la4.^2)/281474976710656 + 72*la2.^3 - 624*la2.^2.*la3 - 24*la2.^2.*la4 + 516*la2.*la3.^2 + 432*la2.*la3.*la4 - 84*la2.*la4.^2 - 48*la3.^3 - 84*la3.^2.*la4 - 24*la3.*la4.^2 + 12*la4.^3;
phi(:,10) = 24*la1.^3 + 3360*la1.^2.*la2.*la4 - 198*la1.^2.*la2 - 18*la1.^2.*la3 - 168*la1.^2.*la4 + 162*la1.*la2.^2 + 144*la1.*la2.*la3 + 1680*la1.*la2.*la4.^2 - 1536*la1.*la2.*la4 - (2533274790395983*la1.*la3.^2)/140737488355328 + 204*la1.*la3.*la4 + 42*la1.*la4.^2 - 36*la2.^3 - 1680*la2.^2.*la3.*la4 + 162*la2.^2.*la3 + 312*la2.^2.*la4 + 1680*la2.*la3.^2.*la4 - 198*la2.*la3.^2 + 144*la2.*la3.*la4 - 258*la2.*la4.^2 + 24*la3.^3 - 168*la3.^2.*la4 + 42*la3.*la4.^2 + 24*la4.^3;
phi(:,11) = - 72*la1.^3 - 10080*la1.^2.*la2.*la4 + 624*la1.^2.*la2 + (6755399441055501*la1.^2.*la3)/281474976710656 + 324*la1.^2.*la4 - 516*la1.*la2.^2 - 432*la1.*la2.*la3 - 10080*la1.*la2.*la4.^2 + 5568*la1.*la2.*la4 + (2955487255461967*la1.*la3.^2)/35184372088832 - 672*la1.*la3.*la4 + 324*la1.*la4.^2 + 48*la2.^3 + 84*la2.^2.*la3 - 516*la2.^2.*la4 + (3377699720528127*la2.*la3.^2)/140737488355328 - 432*la2.*la3.*la4 + 624*la2.*la4.^2 - (6755399441055923*la3.^3)/562949953421312 + 84*la3.^2.*la4 + (6755399441055507*la3.*la4.^2)/281474976710656 - 72*la4.^3;
phi(:,12) = 24*la1.^3 + 1680*la1.^2.*la2.*la4 - 258*la1.^2.*la2 + 42*la1.^2.*la3 + 42*la1.^2.*la4 - 1680*la1.*la2.^2.*la3 + 312*la1.*la2.^2 + 1680*la1.*la2.*la3.^2 + 144*la1.*la2.*la3 + 3360*la1.*la2.*la4.^2 - 1536*la1.*la2.*la4 - 168*la1.*la3.^2 + 204*la1.*la3.*la4 - 168*la1.*la4.^2 - 36*la2.^3 + 162*la2.^2.*la3 + 162*la2.^2.*la4 - 198*la2.*la3.^2 + 144*la2.*la3.*la4 - 198*la2.*la4.^2 + 24*la3.^3 - 18*la3.^2.*la4 - (1266637395197917*la3.*la4.^2)/70368744177664 + 24*la4.^3;
phi(:,13) = 24*la1.^3 - 18*la1.^2.*la2 + 3360*la1.^2.*la3.*la4 - 198*la1.^2.*la3 - 168*la1.^2.*la4 - 18*la1.*la2.^2 + 144*la1.*la2.*la3 + 204*la1.*la2.*la4 + 162*la1.*la3.^2 + 1680*la1.*la3.*la4.^2 - 1536*la1.*la3.*la4 + 42*la1.*la4.^2 + 24*la2.^3 + 1680*la2.^2.*la3.*la4 - 198*la2.^2.*la3 - 168*la2.^2.*la4 - 1680*la2.*la3.^2.*la4 + 162*la2.*la3.^2 + 144*la2.*la3.*la4 + 42*la2.*la4.^2 - 36*la3.^3 + 312*la3.^2.*la4 - 258*la3.*la4.^2 + 24*la4.^3;
phi(:,14) = - 72*la1.^3 + 24*la1.^2.*la2 - 10080*la1.^2.*la3.*la4 + 624*la1.^2.*la3 + 324*la1.^2.*la4 + 84*la1.*la2.^2 - 432*la1.*la2.*la3 - 672*la1.*la2.*la4 - 516*la1.*la3.^2 - 10080*la1.*la3.*la4.^2 + 5568*la1.*la3.*la4 + 324*la1.*la4.^2 - 12*la2.^3 + 24*la2.^2.*la3 + 84*la2.^2.*la4 + 84*la2.*la3.^2 - 432*la2.*la3.*la4 + 24*la2.*la4.^2 + 48*la3.^3 - 516*la3.^2.*la4 + 624*la3.*la4.^2 - 72*la4.^3;
phi(:,15) = 12*la1.^3 - 24*la1.^2.*la2 - 84*la1.^2.*la3 - (1688849860263835*la1.^2.*la4)/70368744177664 - 84*la1.*la2.^2 + 432*la1.*la2.*la3 + 192*la1.*la2.*la4 - 24*la1.*la3.^2 + 432*la1.*la3.*la4 - 84*la1.*la4.^2 - 48*la2.^3 + 516*la2.^2.*la3 + 216*la2.^2.*la4 + 10080*la2.*la3.^2.*la4 - 624*la2.*la3.^2 - 3648*la2.*la3.*la4 + 216*la2.*la4.^2 + 72*la3.^3 - 624*la3.^2.*la4 + 516*la3.*la4.^2 - 48*la4.^3;
phi(:,16) = 24*la1.^3 + 42*la1.^2.*la2 + 1680*la1.^2.*la3.*la4 - 258*la1.^2.*la3 + 42*la1.^2.*la4 + 1680*la1.*la2.^2.*la3 - 168*la1.*la2.^2 - 1680*la1.*la2.*la3.^2 + 144*la1.*la2.*la3 + 204*la1.*la2.*la4 + 312*la1.*la3.^2 + 3360*la1.*la3.*la4.^2 - 1536*la1.*la3.*la4 - 168*la1.*la4.^2 + 24*la2.^3 - 198*la2.^2.*la3 - 18*la2.^2.*la4 + 162*la2.*la3.^2 + 144*la2.*la3.*la4 - 18*la2.*la4.^2 - 36*la3.^3 + 162*la3.^2.*la4 - 198*la3.*la4.^2 + 24*la4.^3;
phi(:,17) = - 48*la1.^3 + 216*la1.^2.*la2 + 516*la1.^2.*la3 - 84*la1.^2.*la4 + 216*la1.*la2.^2 + 10080*la1.*la2.*la3.^2 - 3648*la1.*la2.*la3 + 192*la1.*la2.*la4 - 624*la1.*la3.^2 + 432*la1.*la3.*la4 - (6755399441055537*la1.*la4.^2)/281474976710656 - 48*la2.^3 + 516*la2.^2.*la3 - 84*la2.^2.*la4 - 624*la2.*la3.^2 + 432*la2.*la3.*la4 - (6755399441055447*la2.*la4.^2)/281474976710656 + 72*la3.^3 - 24*la3.^2.*la4 - 84*la3.*la4.^2 + 12*la4.^3;
