%%2020.7.12
%%P3+8B4 »ùº¯Êý

 
phip(:,1) = - 40.*la1.^3 - 3360.*la1.^2.*la2.*la4 + 330.*la1.^2.*la2 + 180.*la1.^2.*la3 + 180.*la1.^2.*la4 + 1680.*la1.*la2.^2.*la3 - 1680.*la1.*la2.^2.*la4 - 240.*la1.*la2.^2 + 3360.*la1.*la2.*la3.^2 - 1680.*la1.*la2.*la3 + 1680.*la1.*la2.*la4 - 180.*la1.*la3.^2 - 180.*la1.*la4.^2 + 20.*la2.^3 + 60.*la2.^2.*la3 + 60.*la2.^2.*la4 - 150.*la2.*la3.^2 + 60.*la2.*la3.*la4 - 150.*la2.*la4.^2 + 20.*la3.^3 + 20.*la4.^3;
phip(:,2) = - 36.*la1.^3 + 162.*la1.^2.*la2 - 1680.*la1.^2.*la3.*la4 + 312.*la1.^2.*la3 + 162.*la1.^2.*la4 + 3360.*la1.*la2.^2.*la3 - 198.*la1.*la2.^2 + 1680.*la1.*la2.*la3.^2 - 1536.*la1.*la2.*la3 + 144.*la1.*la2.*la4 - 258.*la1.*la3.^2 + 1680.*la1.*la3.*la4.^2 + 144.*la1.*la3.*la4 - 198.*la1.*la4.^2 + 24.*la2.^3 - 168.*la2.^2.*la3 - 18.*la2.^2.*la4 + 42.*la2.*la3.^2 + 204.*la2.*la3.*la4 - 18.*la2.*la4.^2 + 24.*la3.^3 + 42.*la3.^2.*la4 - 168.*la3.*la4.^2 + 24.*la4.^3;
phip(:,3) = - 44.*la1.^3 - 1680.*la1.^2.*la2.*la4 + 198.*la1.^2.*la2 - 3360.*la1.^2.*la3.*la4 + 198.*la1.^2.*la3 + 348.*la1.^2.*la4 + 1680.*la1.*la2.^2.*la4 - 162.*la1.*la2.^2 - 144.*la1.*la2.*la3 - 144.*la1.*la2.*la4 - 162.*la1.*la3.^2 - 1680.*la1.*la3.*la4.^2 + 1536.*la1.*la3.*la4 - 222.*la1.*la4.^2 + 16.*la2.^3 + 18.*la2.^2.*la3 - 132.*la2.^2.*la4 + 18.*la2.*la3.^2 - 84.*la2.*la3.*la4 + 78.*la2.*la4.^2 + 16.*la3.^3 - 132.*la3.^2.*la4 + 78.*la3.*la4.^2 + 16.*la4.^3;
phip(:,4) = 48.*la1.^3 - 516.*la1.^2.*la2 - 516.*la1.^2.*la3 + 84.*la1.^2.*la4 - 10080.*la1.*la2.^2.*la3 + 624.*la1.*la2.^2 - 10080.*la1.*la2.*la3.^2 + 5568.*la1.*la2.*la3 - 432.*la1.*la2.*la4 + 624.*la1.*la3.^2 - 432.*la1.*la3.*la4 + 24.*la1.*la4.^2 - 72.*la2.^3 + 324.*la2.^2.*la3 + 24.*la2.^2.*la4 + 324.*la2.*la3.^2 - 672.*la2.*la3.*la4 + 84.*la2.*la4.^2 - 72.*la3.^3 + 24.*la3.^2.*la4 + 84.*la3.*la4.^2 - 12.*la4.^3;
phip(:,5) = 72.*la1.^3 + 10080.*la1.^2.*la2.*la4 - 624.*la1.^2.*la2 - 24.*la1.^2.*la3 - 624.*la1.^2.*la4 + 516.*la1.*la2.^2 + 432.*la1.*la2.*la3 - 3648.*la1.*la2.*la4 - 84.*la1.*la3.^2 + 432.*la1.*la3.*la4 + 516.*la1.*la4.^2 - 48.*la2.^3 - 84.*la2.^2.*la3 + 216.*la2.^2.*la4 - 24.*la2.*la3.^2 + 192.*la2.*la3.*la4 + 216.*la2.*la4.^2 + 12.*la3.^3 - 24.*la3.^2.*la4 - 84.*la3.*la4.^2 - 48.*la4.^3;
phip(:,6) = 72.*la1.^3 - 24.*la1.^2.*la2 + 10080.*la1.^2.*la3.*la4 - 624.*la1.^2.*la3 - 624.*la1.^2.*la4 - 84.*la1.*la2.^2 + 432.*la1.*la2.*la3 + 432.*la1.*la2.*la4 + 516.*la1.*la3.^2 - 3648.*la1.*la3.*la4 + 516.*la1.*la4.^2 + 12.*la2.^3 - 24.*la2.^2.*la3 - 24.*la2.^2.*la4 - 84.*la2.*la3.^2 + 192.*la2.*la3.*la4 - 84.*la2.*la4.^2 - 48.*la3.^3 + 216.*la3.^2.*la4 + 216.*la3.*la4.^2 - 48.*la4.^3;
phip(:,7) = 20.*la1.^3 - 180.*la1.^2.*la2 - 150.*la1.^2.*la3 - 3360.*la1.*la2.^2.*la3 + 180.*la1.*la2.^2 - 1680.*la1.*la2.*la3.^2 + 1680.*la1.*la2.*la3 + 60.*la1.*la3.^2 + 60.*la1.*la3.*la4 - 40.*la2.^3 + 330.*la2.^2.*la3 + 180.*la2.^2.*la4 + 1680.*la2.*la3.^2.*la4 - 240.*la2.*la3.^2 + 3360.*la2.*la3.*la4.^2 - 1680.*la2.*la3.*la4 - 180.*la2.*la4.^2 + 20.*la3.^3 + 60.*la3.^2.*la4 - 150.*la3.*la4.^2 + 20.*la4.^3;
phip(:,8) = 24.*la1.^3 + 1680.*la1.^2.*la2.*la4 - 198.*la1.^2.*la2 - 18.*la1.^2.*la3 - 168.*la1.^2.*la4 - 1680.*la1.*la2.^2.*la4 + 162.*la1.*la2.^2 + 144.*la1.*la2.*la3 + 144.*la1.*la2.*la4 - 18.*la1.*la3.^2 + 204.*la1.*la3.*la4 + 42.*la1.*la4.^2 - 36.*la2.^3 + 162.*la2.^2.*la3 + 312.*la2.^2.*la4 + 3360.*la2.*la3.^2.*la4 - 198.*la2.*la3.^2 + 1680.*la2.*la3.*la4.^2 - 1536.*la2.*la3.*la4 - 258.*la2.*la4.^2 + 24.*la3.^3 - 168.*la3.^2.*la4 + 42.*la3.*la4.^2 + 24.*la4.^3;
phip(:,9) = 16.*la1.^3 - 1680.*la1.^2.*la2.*la4 - 222.*la1.^2.*la2 + 78.*la1.^2.*la3 + 78.*la1.^2.*la4 - 1680.*la1.*la2.^2.*la3 - 3360.*la1.*la2.^2.*la4 + 348.*la1.*la2.^2 + 1680.*la1.*la2.*la3.^2 - 144.*la1.*la2.*la3 + 1536.*la1.*la2.*la4 - 132.*la1.*la3.^2 - 84.*la1.*la3.*la4 - 132.*la1.*la4.^2 - 44.*la2.^3 + 198.*la2.^2.*la3 + 198.*la2.^2.*la4 - 162.*la2.*la3.^2 - 144.*la2.*la3.*la4 - 162.*la2.*la4.^2 + 16.*la3.^3 + 18.*la3.^2.*la4 + 18.*la3.*la4.^2 + 16.*la4.^3;
phip(:,10) = - 12.*la1.^3 + 24.*la1.^2.*la2 + 84.*la1.^2.*la3 + 84.*la1.^2.*la4 + 84.*la1.*la2.^2 - 432.*la1.*la2.*la3 - 432.*la1.*la2.*la4 + 24.*la1.*la3.^2 - 672.*la1.*la3.*la4 + 24.*la1.*la4.^2 + 48.*la2.^3 - 516.*la2.^2.*la3 - 516.*la2.^2.*la4 - 10080.*la2.*la3.^2.*la4 + 624.*la2.*la3.^2 - 10080.*la2.*la3.*la4.^2 + 5568.*la2.*la3.*la4 + 624.*la2.*la4.^2 - 72.*la3.^3 + 324.*la3.^2.*la4 + 324.*la3.*la4.^2 - 72.*la4.^3;
phip(:,11) = - 48.*la1.^3 + 516.*la1.^2.*la2 + 216.*la1.^2.*la3 - 84.*la1.^2.*la4 + 10080.*la1.*la2.^2.*la3 - 624.*la1.*la2.^2 - 3648.*la1.*la2.*la3 + 432.*la1.*la2.*la4 + 216.*la1.*la3.^2 + 192.*la1.*la3.*la4 - 24.*la1.*la4.^2 + 72.*la2.^3 - 624.*la2.^2.*la3 - 24.*la2.^2.*la4 + 516.*la2.*la3.^2 + 432.*la2.*la3.*la4 - 84.*la2.*la4.^2 - 48.*la3.^3 - 84.*la3.^2.*la4 - 24.*la3.*la4.^2 + 12.*la4.^3;
phip(:,12) = - 48.*la1.^3 + 516.*la1.^2.*la2 - 84.*la1.^2.*la3 + 216.*la1.^2.*la4 + 10080.*la1.*la2.^2.*la4 - 624.*la1.*la2.^2 + 432.*la1.*la2.*la3 - 3648.*la1.*la2.*la4 - 24.*la1.*la3.^2 + 192.*la1.*la3.*la4 + 216.*la1.*la4.^2 + 72.*la2.^3 - 24.*la2.^2.*la3 - 624.*la2.^2.*la4 - 84.*la2.*la3.^2 + 432.*la2.*la3.*la4 + 516.*la2.*la4.^2 + 12.*la3.^3 - 24.*la3.^2.*la4 - 84.*la3.*la4.^2 - 48.*la4.^3;
phip(:,13) = 20.*la1.^3 + 3360.*la1.^2.*la3.*la4 - 180.*la1.^2.*la3 - 150.*la1.^2.*la4 + 60.*la1.*la2.*la4 + 180.*la1.*la3.^2 + 1680.*la1.*la3.*la4.^2 - 1680.*la1.*la3.*la4 + 60.*la1.*la4.^2 + 20.*la2.^3 - 180.*la2.^2.*la3 - 150.*la2.^2.*la4 - 3360.*la2.*la3.^2.*la4 + 180.*la2.*la3.^2 - 1680.*la2.*la3.*la4.^2 + 1680.*la2.*la3.*la4 + 60.*la2.*la4.^2 - 40.*la3.^3 + 330.*la3.^2.*la4 - 240.*la3.*la4.^2 + 20.*la4.^3;
phip(:,14) = 24.*la1.^3 + 42.*la1.^2.*la2 + 1680.*la1.^2.*la3.*la4 - 258.*la1.^2.*la3 + 42.*la1.^2.*la4 + 1680.*la1.*la2.^2.*la3 - 168.*la1.*la2.^2 - 1680.*la1.*la2.*la3.^2 + 144.*la1.*la2.*la3 + 204.*la1.*la2.*la4 + 312.*la1.*la3.^2 + 3360.*la1.*la3.*la4.^2 - 1536.*la1.*la3.*la4 - 168.*la1.*la4.^2 + 24.*la2.^3 - 198.*la2.^2.*la3 - 18.*la2.^2.*la4 + 162.*la2.*la3.^2 + 144.*la2.*la3.*la4 - 18.*la2.*la4.^2 - 36.*la3.^3 + 162.*la3.^2.*la4 - 198.*la3.*la4.^2 + 24.*la4.^3;
phip(:,15) = 16.*la1.^3 - 132.*la1.^2.*la2 - 162.*la1.^2.*la3 + 18.*la1.^2.*la4 - 1680.*la1.*la2.^2.*la3 + 78.*la1.*la2.^2 - 3360.*la1.*la2.*la3.^2 + 1536.*la1.*la2.*la3 - 84.*la1.*la2.*la4 + 198.*la1.*la3.^2 - 144.*la1.*la3.*la4 + 18.*la1.*la4.^2 + 16.*la2.^3 - 222.*la2.^2.*la3 + 78.*la2.^2.*la4 - 1680.*la2.*la3.^2.*la4 + 348.*la2.*la3.^2 + 1680.*la2.*la3.*la4.^2 - 144.*la2.*la3.*la4 - 132.*la2.*la4.^2 - 44.*la3.^3 + 198.*la3.^2.*la4 - 162.*la3.*la4.^2 + 16.*la4.^3;
phip(:,16) = - 72.*la1.^3 + 24.*la1.^2.*la2 - 10080.*la1.^2.*la3.*la4 + 624.*la1.^2.*la3 + 324.*la1.^2.*la4 + 84.*la1.*la2.^2 - 432.*la1.*la2.*la3 - 672.*la1.*la2.*la4 - 516.*la1.*la3.^2 - 10080.*la1.*la3.*la4.^2 + 5568.*la1.*la3.*la4 + 324.*la1.*la4.^2 - 12.*la2.^3 + 24.*la2.^2.*la3 + 84.*la2.^2.*la4 + 84.*la2.*la3.^2 - 432.*la2.*la3.*la4 + 24.*la2.*la4.^2 + 48.*la3.^3 - 516.*la3.^2.*la4 + 624.*la3.*la4.^2 - 72.*la4.^3;
phip(:,17) = 12.*la1.^3 - 24.*la1.^2.*la2 - 84.*la1.^2.*la3 - 24.*la1.^2.*la4 - 84.*la1.*la2.^2 + 432.*la1.*la2.*la3 + 192.*la1.*la2.*la4 - 24.*la1.*la3.^2 + 432.*la1.*la3.*la4 - 84.*la1.*la4.^2 - 48.*la2.^3 + 516.*la2.^2.*la3 + 216.*la2.^2.*la4 + 10080.*la2.*la3.^2.*la4 - 624.*la2.*la3.^2 - 3648.*la2.*la3.*la4 + 216.*la2.*la4.^2 + 72.*la3.^3 - 624.*la3.^2.*la4 + 516.*la3.*la4.^2 - 48.*la4.^3;
phip(:,18) = - 48.*la1.^3 + 216.*la1.^2.*la2 + 516.*la1.^2.*la3 - 84.*la1.^2.*la4 + 216.*la1.*la2.^2 + 10080.*la1.*la2.*la3.^2 - 3648.*la1.*la2.*la3 + 192.*la1.*la2.*la4 - 624.*la1.*la3.^2 + 432.*la1.*la3.*la4 - 24.*la1.*la4.^2 - 48.*la2.^3 + 516.*la2.^2.*la3 - 84.*la2.^2.*la4 - 624.*la2.*la3.^2 + 432.*la2.*la3.*la4 - 24.*la2.*la4.^2 + 72.*la3.^3 - 24.*la3.^2.*la4 - 84.*la3.*la4.^2 + 12.*la4.^3;
